0
1960.5
300
0
0
1
-13
171
connections
0.2631575
step
0.095
link
1.9
enable
0.210526
bias
0.38
node
0.526315
disable
0.38
done
5
170 171 1 10 1
171 1000002 -1.4972991119114 11 1
170 1000002 -1.4972991119114 9 0
126 1000003 1.00057985168 8 1
65 1000003 -0.10492263557848 7 1
0
0
1
-13.5
171
connections
0.2631575
step
0.105263
link
2.10526
enable
0.210526
bias
0.421052
node
0.475
disable
0.421052
done
4
49 171 1 14 1
13 1000001 -1.9855952635273 13 0
49 1000006 1.1698965422529 12 0
171 1000006 1.1698965422529 15 1
0
0
1
-13.5
171
connections
0.2375
step
0.095
link
1.9
enable
0.210526
bias
0.38
node
0.526315
disable
0.38
done
5
93 171 1 19 1
170 1000005 -0.91158787804804 18 1
1000006 1000006 1.8161564989166 16 0
93 1000006 1.5890987884152 17 0
171 1000006 1.5890987884152 20 1
0
0
1
-13.5
170
connections
0.2631575
step
0.095
link
2.10526
enable
0.19
bias
0.38
node
0.475
disable
0.38
done
3
140 1000003 -0.014709921567431 21 1
128 1000006 -0.8860744041261 22 1
63 1000006 -0.78450880458998 23 1
0
0
1
-13.5
171
connections
0.2375
step
0.105263
link
2.10526
enable
0.19
bias
0.421052
node
0.475
disable
0.421052
done
4
91 171 1 26 1
171 1000002 1.7169103061007 27 0
91 1000002 1.7169103061007 25 0
132 1000005 -0.57734916226691 24 1
0
0
1
-13.5
170
connections
0.2375
step
0.095
link
1.9
enable
0.210526
bias
0.38
node
0.526315
disable
0.421052
done
2
115 1000003 1.441877498703 28 1
53 1000005 -0.51948606830042 29 1
0
0
1
-13.5
170
connections
0.2375
step
0.105263
link
1.9
enable
0.210526
bias
0.38
node
0.475
disable
0.421052
done
2
114 1000002 0.34675130466628 31 0
1000006 1000006 0.67964720603046 30 1
0
0
1
-13.5
170
connections
0.2375
step
0.105263
link
2.10526
enable
0.19
bias
0.38
node
0.526315
disable
0.421052
done
2
128 1000006 1.8316599017304 32 1
42 1000006 -0.77632984405042 33 1
0
0
1
-13.5
170
connections
0.2631575
step
0.095
link
1.9
enable
0.210526
bias
0.421052
node
0.526315
disable
0.38
done
2
94 1000002 -1.6900540177618 35 1
121 1000005 -0.097231971190527 34 1
0
0
1
-13.5
170
connections
0.2375
step
0.105263
link
2.10526
enable
0.210526
bias
0.38
node
0.475
disable
0.38
done
2
24 1000003 -1.9079561754204 36 1
42 1000006 -0.23541978209784 37 0
0
0
1
-13.5
171
connections
0.2375
step
0.095
link
2.10526
enable
0.210526
bias
0.421052
node
0.475
disable
0.38
done
4
38 171 1 40 1
93 1000002 -1.4426099429304 39 1
38 1000005 1.9431134983367 38 0
171 1000005 1.9431134983367 41 0
0
0
1
-13.5
170
connections
0.2375
step
0.095
link
2.10526
enable
0.210526
bias
0.38
node
0.526315
disable
0.38
done
3
161 1000001 -0.63606677449873 42 1
170 1000002 0.24286629840999 44 1
124 1000003 -1.6192510757775 43 1
0
0
1
-13.5
170
connections
0.2375
step
0.105263
link
1.9
enable
0.19
bias
0.421052
node
0.475
disable
0.421052
done
2
92 1000003 0.10138248847926 46 1
72 1000006 -1.870357371746 45 1
0
0
1
-11
170
connections
0.2375
step
0.095
link
1.9
enable
0.19
bias
0.38
node
0.475
disable
0.38
done
3
47 1000001 -1.3899960325938 47 0
170 1000003 0.2433545945616 49 1
35 1000004 1.523178807947 48 1
0
0
1
-4.5
170
connections
0.2375
step
0.105263
link
2.10526
enable
0.19
bias
0.421052
node
0.475
disable
0.38
done
3
15 1000003 1.3003936887722 50 1
170 1000003 0.44758445997497 52 1
116 1000004 0.079409161656545 51 1
0
0
1
-4.5
171
connections
0.2631575
step
0.105263
link
1.9
enable
0.19
bias
0.421052
node
0.526315
disable
0.421052
done
5
3 171 1 56 1
3 1000002 0.23529770805994 53 0
171 1000002 0.23529770805994 57 1
57 1000003 0.00030518509475996 54 1
170 1000005 -0.065614795373394 55 1
0
0
1
-4.5
170
connections
0.2631575
step
0.105263
link
2.10526
enable
0.210526
bias
0.421052
node
0.526315
disable
0.38
done
2
145 1000003 0.54109317300943 58 1
29 1000004 -0.549272133549 59 0
0
0
1
-4.5
171
connections
0.2631575
step
0.105263
link
2.10526
enable
0.19
bias
0.38
node
0.475
disable
0.421052
done
5
170 171 1 63 1
40 1000003 -0.35688344981231 61 1
112 1000005 1.938962981048 60 1
170 1000005 0.30353709524827 62 0
171 1000005 0.30353709524827 64 0
0
0
1
-4.5
170
connections
0.2631575
step
0.095
link
2.10526
enable
0.210526
bias
0.421052
node
0.475
disable
0.421052
done
2
11 1000002 0.699301126133 66 1
139 1000004 1.1421857356487 65 1
0
0
1
-4.5
170
connections
0.2375
step
0.105263
link
1.9
enable
0.210526
bias
0.38
node
0.475
disable
0.38
done
2
81 1000005 -1.9404278695029 67 1
170 1000006 1.7720877712333 68 0
0
0
1
-4.5
171
connections
0.2375
step
0.105263
link
2.10526
enable
0.19
bias
0.38
node
0.526315
disable
0.421052
done
4
80 171 1 71 1
80 1000004 -1.3730277413251 69 0
171 1000004 -1.3730277413251 72 1
154 1000005 1.710074159978 70 1
0
0
1
-4.5
170
connections
0.2631575
step
0.095
link
1.9
enable
0.210526
bias
0.38
node
0.475
disable
0.38
done
2
63 1000001 -0.98471022675253 73 1
95 1000005 0.035828730124821 74 1
0
0
1
-4.5
170
connections
0.2375
step
0.095
link
2.10526
enable
0.210526
bias
0.38
node
0.526315
disable
0.421052
done
2
88 1000003 0.14679403057955 75 0
112 1000005 0.49629200109867 76 1
0
0
1
-4.5
170
connections
0.2631575
step
0.105263
link
1.9
enable
0.19
bias
0.421052
node
0.526315
disable
0.38
done
2
13 1000003 -1.6247444074831 78 1
65 1000006 1.1203344828639 77 0
0
0
1
-4.5
171
connections
0.2375
step
0.105263
link
1.9
enable
0.210526
bias
0.38
node
0.526315
disable
0.38
done
4
120 171 1 81 1
120 1000001 -0.11285744804224 79 0
171 1000001 -0.11285744804224 82 0
57 1000003 -1.348979155858 80 1
0
0
1
-4.5
171
connections
0.2631575
step
0.095
link
2.10526
enable
0.210526
bias
0.38
node
0.526315
disable
0.421052
done
4
91 171 1 85 1
110 1000004 -1.55504013184 83 1
91 1000005 1.9141819513535 84 0
171 1000005 1.9141819513535 86 1
0
0
1
-4.5
171
connections
0.2375
step
0.105263
link
1.9
enable
0.19
bias
0.421052
node
0.526315
disable
0.38
done
5
52 171 1 90 1
170 1000001 0.72798852504044 89 1
171 1000002 -1.2411877803888 91 1
52 1000002 -1.2411877803888 88 0
157 1000006 -0.87154759361553 87 1
0
0
1
9
171
connections
0.2631575
step
0.105263
link
1.9
enable
0.19
bias
0.421052
node
0.526315
disable
0.38
done
4
103 171 1 94 1
103 1000006 0.66939298684652 92 1
15 1000006 -0.90511795403912 93 1
171 1000006 0.66939298684652 95 1
0
0
1
41.5
171
connections
0.2375
step
0.105263
link
2.10526
enable
0.19
bias
0.38
node
0.475
disable
0.38
done
4
4 171 1 98 1
171 1000005 1.126560258797 99 1
4 1000005 1.126560258797 97 0
64 1000006 0.74434644611957 96 1
0
0
1
41.5
171
connections
0.2375
step
0.095
link
2.10526
enable
0.19
bias
0.38
node
0.526315
disable
0.38
done
4
81 171 1 102 1
57 1000001 0.82760093997009 100 1
81 1000002 -0.34968108157598 101 0
171 1000002 -0.34968108157598 103 1
0
0
1
41.5
171
connections
0.2375
step
0.105263
link
2.10526
enable
0.19
bias
0.38
node
0.526315
disable
0.38
done
4
94 171 1 106 1
94 1000002 -1.1011688589129 104 0
171 1000002 -1.1011688589129 107 1
106 1000003 -0.22309030426954 105 1
0
0
1
59
171
connections
0.2375
step
0.095
link
2.10526
enable
0.210526
bias
0.38
node
0.526315
disable
0.421052
done
4
143 171 1 110 1
143 1000001 -0.45088045899838 108 0
171 1000001 -0.45088045899838 111 1
167 1000003 0.8921781060213 109 1
0
0
1
83.5
171
connections
0.2631575
step
0.105263
link
2.10526
enable
0.19
bias
0.38
node
0.475
disable
0.421052
done
4
58 171 1 114 1
64 1000002 -0.78304391613514 112 1
58 1000004 -1.8089541306803 113 0
171 1000004 -1.8089541306803 115 1
0
0
1
133
171
connections
0.2375
step
0.105263
link
2.10526
enable
0.19
bias
0.421052
node
0.526315
disable
0.38
done
5
131 171 1 119 1
73 1000002 -0.65010528885769 117 1
131 1000003 -1.6050904873806 116 0
171 1000003 -1.6050904873806 120 0
170 1000006 1.6865138706626 118 1
0
0
1
535.5
170
connections
0.2375
step
0.095
link
1.9
enable
0.19
bias
0.421052
node
0.475
disable
0.38
done
3
97 1000001 -0.88253425702689 121 1
159 1000003 -0.47846919156468 122 1
170 1000006 0.56672872096927 123 1
0
0
1
829.5
171
connections
0.2631575
step
0.095
link
1.9
enable
0.19
bias
0.38
node
0.526315
disable
0.421052
done
5
65 171 1 127 1
170 1000001 1.9486068300424 126 1
171 1000003 0.49690237128819 128 1
65 1000003 0.49690237128819 125 0
134 1000006 1.4029358806116 124 0
0
0
1
829.5
171
connections
0.2375
step
0.105263
link
2.10526
enable
0.210526
bias
0.38
node
0.475
disable
0.421052
done
4
166 171 1 131 1
35 1000001 1.5474715414899 130 1
166 1000003 1.5276955473495 129 1
171 1000003 1.5276955473495 132 0
0
0
1
829.5
171
connections
0.2631575
step
0.095
link
2.10526
enable
0.210526
bias
0.38
node
0.526315
disable
0.421052
done
4
37 171 1 135 1
98 1000004 1.2707296975616 134 1
37 1000006 1.3434858241523 133 0
171 1000006 1.3434858241523 136 1
0
0
1
829.5
171
connections
0.2631575
step
0.105263
link
1.9
enable
0.210526
bias
0.38
node
0.526315
disable
0.421052
done
4
95 171 1 139 1
95 1000003 -0.19269386883145 137 1
95 1000006 0.82503738517411 138 0
171 1000006 0.82503738517411 140 1
0
0
1
829.5
170
connections
0.2631575
step
0.095
link
2.10526
enable
0.210526
bias
0.38
node
0.475
disable
0.421052
done
2
55 1000004 0.70137638477737 141 1
163 1000006 -0.4298837244789 142 0
0
0
1
829.5
171
connections
0.2375
step
0.105263
link
1.9
enable
0.210526
bias
0.421052
node
0.526315
disable
0.421052
done
5
26 171 1 146 1
170 1000002 -0.068178350169378 145 1
26 1000003 0.21552171391949 143 0
171 1000003 0.21552171391949 147 1
111 1000006 -1.0302438428907 144 1
0
0
1
829.5
171
connections
0.2375
step
0.105263
link
2.10526
enable
0.210526
bias
0.421052
node
0.526315
disable
0.38
done
4
1 171 1 150 1
171 1000001 -0.080263679921873 151 1
1 1000001 -0.080263679921873 149 0
96 1000004 1.6851710562456 148 1
0
0
1
829.5
171
connections
0.2631575
step
0.095
link
1.9
enable
0.210526
bias
0.38
node
0.475
disable
0.421052
done
5
55 171 1 155 1
170 1000001 1.0827356791894 154 0
55 1000002 1.4568926053652 152 0
171 1000002 1.4568926053652 156 1
1000006 1000004 0.72273934141057 153 1
0
0
1
829.5
171
connections
0.2631575
step
0.105263
link
2.10526
enable
0.210526
bias
0.38
node
0.475
disable
0.421052
done
5
170 171 1 160 1
119 1000001 1.3704641865291 158 0
105 1000001 1.1415753654592 157 1
170 1000005 -1.0695516830958 159 1
171 1000005 -1.0695516830958 161 1
0
0
1
829.5
171
connections
0.2375
step
0.105263
link
2.10526
enable
0.210526
bias
0.421052
node
0.475
disable
0.421052
done
5
170 171 1 165 0
171 1000001 -1.2304452650533 166 1
170 1000001 -1.2304452650533 164 0
131 1000001 1.1624500259407 163 1
31 1000004 0.61250648518326 162 1
0
0
1
829.5
170
connections
0.2375
step
0.105263
link
1.9
enable
0.19
bias
0.38
node
0.526315
disable
0.421052
done
3
170 1000005 -0.36738181707205 169 0
88 1000006 -1.6564836573382 168 1
15 1000006 -1.2516861476485 167 1
0
0
1
829.5
171
connections
0.2375
step
0.095
link
1.9
enable
0.19
bias
0.421052
node
0.475
disable
0.421052
done
3
66 171 1 171 1
66 1000005 1.0777306436354 170 0
171 1000005 1.0777306436354 172 1
0
0
1
829.5
170
connections
0.2375
step
0.105263
link
2.10526
enable
0.19
bias
0.421052
node
0.475
disable
0.421052
done
2
103 1000001 0.34650715659047 174 1
98 1000005 -0.21417889950255 173 0
0
0
1
829.5
171
connections
0.2375
step
0.095
link
2.10526
enable
0.210526
bias
0.421052
node
0.475
disable
0.421052
done
4
83 171 1 177 1
80 1000003 -0.27668080690939 175 1
83 1000003 -1.9768059327982 176 1
171 1000003 -1.9768059327982 178 0
0
0
1
829.5
171
connections
0.2375
step
0.105263
link
1.9
enable
0.19
bias
0.38
node
0.526315
disable
0.38
done
5
28 171 1 182 1
14 1000002 -0.60383922849208 180 1
170 1000002 -0.58748130741295 181 1
28 1000005 -1.7001861629078 179 0
171 1000005 -1.7001861629078 183 0
0
0
1
829.5
170
connections
0.2375
step
0.105263
link
1.9
enable
0.19
bias
0.38
node
0.475
disable
0.421052
done
2
18 1000004 0.58796960356456 184 1
8 1000006 -0.37141026032289 185 1
0
0
1
829.5
170
connections
0.2631575
step
0.095
link
1.9
enable
0.19
bias
0.38
node
0.526315
disable
0.421052
done
2
106 1000001 -1.4898525955992 187 1
28 1000006 1.5069429609058 186 1
0
0
1
829.5
170
connections
0.2375
step
0.105263
link
2.10526
enable
0.210526
bias
0.38
node
0.475
disable
0.421052
done
3
60 1000002 -1.5341654713584 188 0
170 1000005 -0.46577349162267 190 1
130 1000006 0.44685201574755 189 1
0
0
1
829.5
171
connections
0.2375
step
0.095
link
1.9
enable
0.210526
bias
0.421052
node
0.475
disable
0.421052
done
5
66 171 1 194 1
170 1000004 1.2748802148503 193 1
66 1000006 0.18756675923948 191 0
156 1000006 1.2909939878536 192 1
171 1000006 0.18756675923948 195 1
0
0
1
829.5
171
connections
0.2375
step
0.105263
link
1.9
enable
0.19
bias
0.421052
node
0.475
disable
0.421052
done
4
106 171 1 198 0
171 1000001 -0.91402935880612 199 1
106 1000001 -0.91402935880612 197 0
81 1000003 -0.63679921872616 196 1
0
0
1
842
171
connections
0.2375
step
0.105263
link
2.10526
enable
0.19
bias
0.421052
node
0.526315
disable
0.421052
done
5
30 171 1 203 1
170 1000003 0.92611468855861 202 1
161 1000006 1.7753837702567 200 1
30 1000006 -0.59614856410413 201 1
171 1000006 -0.59614856410413 204 1
0
0
1
875.5
170
connections
0.2375
step
0.095
link
1.9
enable
0.19
bias
0.421052
node
0.526315
disable
0.38
done
2
58 1000005 0.16412854396191 205 1
120 1000006 1.5353862117374 206 0
0
0
1
875.5
170
connections
0.2631575
step
0.095
link
2.10526
enable
0.210526
bias
0.38
node
0.475
disable
0.38
done
4
120 1000002 0.22333445234535 209 1
170 1000003 1.3659474471267 210 1
109 1000004 -0.051698355052339 207 1
102 1000006 1.3660695211646 208 1
0
0
1
875.5
171
connections
0.2631575
step
0.105263
link
2.10526
enable
0.210526
bias
0.38
node
0.526315
disable
0.38
done
4
56 171 1 213 1
56 1000005 1.6564836573382 211 0
171 1000005 1.6564836573382 214 1
169 1000006 -1.8128604998932 212 1
0
0
1
875.5
170
connections
0.2375
step
0.105263
link
1.9
enable
0.19
bias
0.38
node
0.526315
disable
0.38
done
2
65 1000003 -0.20111697744682 215 1
162 1000004 -1.8043153172399 216 1
0
0
1
875.5
171
connections
0.2375
step
0.095
link
1.9
enable
0.210526
bias
0.38
node
0.526315
disable
0.421052
done
5
170 171 1 220 0
53 1000002 -1.8322702719199 217 1
170 1000002 -0.6962492751854 219 0
171 1000002 -0.6962492751854 221 1
144 1000004 -1.982177190466 218 1
0
0
1
875.5
171
connections
0.2631575
step
0.095
link
2.10526
enable
0.19
bias
0.38
node
0.526315
disable
0.38
done
5
1000001 171 1 225 1
53 1000001 -0.31525620288705 223 1
1000001 1000004 0.72627948850978 222 0
171 1000004 0.72627948850978 226 1
170 1000005 1.5682241279336 224 1
0
0
1
875.5
171
connections
0.2375
step
0.095
link
2.10526
enable
0.210526
bias
0.421052
node
0.475
disable
0.38
done
5
1000004 171 1 230 1
170 1000001 1.2533951841792 229 1
171 1000002 1.0840784936064 231 1
1000004 1000002 1.0840784936064 228 0
128 1000005 -1.3902401806696 227 0
0
0
1
875.5
170
connections
0.2375
step
0.095
link
1.9
enable
0.210526
bias
0.421052
node
0.526315
disable
0.421052
done
3
129 1000001 -1.9728995635853 232 1
170 1000002 -1.4164860988189 234 1
7 1000005 -0.9013336588641 233 1
0
0
1
875.5
171
connections
0.2631575
step
0.095
link
1.9
enable
0.210526
bias
0.421052
node
0.475
disable
0.38
done
4
4 171 1 237 0
154 1000002 0.85360271004364 236 1
4 1000006 1.3005157628101 235 0
171 1000006 1.3005157628101 238 1
0
0
1
875.5
171
connections
0.2375
step
0.105263
link
1.9
enable
0.210526
bias
0.421052
node
0.475
disable
0.38
done
4
136 171 1 241 1
110 1000002 1.9940183721427 240 1
136 1000006 -0.76998199407941 239 0
171 1000006 -0.76998199407941 242 1
0
0
1
875.5
170
connections
0.2631575
step
0.095
link
2.10526
enable
0.19
bias
0.38
node
0.526315
disable
0.38
done
4
81 1000001 -0.36237678151799 244 1
166 1000004 0.31464583269753 243 1
46 1000005 1.274025696585 245 1
170 1000005 -1.7359538560137 246 1
0
0
1
875.5
171
connections
0.2375
step
0.095
link
2.10526
enable
0.19
bias
0.421052
node
0.475
disable
0.38
done
5
104 171 1 250 1
1000001 1000002 0.30390331736198 249 1
104 1000004 -1.3613086336863 247 0
137 1000004 -0.058778649250771 248 1
171 1000004 -1.3613086336863 251 1
0
0
1
875.5
170
connections
0.2631575
step
0.095
link
1.9
enable
0.19
bias
0.38
node
0.526315
disable
0.421052
done
2
14 1000001 -1.8217719046602 253 1
127 1000002 -1.7318033387249 252 0
0
0
1
875.5
171
connections
0.2631575
step
0.095
link
1.9
enable
0.19
bias
0.421052
node
0.475
disable
0.421052
done
5
84 171 1 257 0
84 1000002 1.1000701925718 254 0
171 1000002 1.1000701925718 258 1
170 1000003 -0.91439558091983 256 1
79 1000006 0.0056764427625353 255 1
0
0
1
875.5
170
connections
0.2375
step
0.095
link
2.10526
enable
0.19
bias
0.38
node
0.475
disable
0.38
done
3
22 1000002 -0.72591326639607 261 1
46 1000005 1.6204718161565 260 1
69 1000006 0.26923429059725 259 1
0
0
1
875.5
171
connections
0.2631575
step
0.105263
link
2.10526
enable
0.19
bias
0.38
node
0.526315
disable
0.38
done
4
96 171 1 264 1
26 1000001 1.5158543656728 263 1
96 1000004 1.9091769157994 262 0
171 1000004 1.9091769157994 265 1
0
0
1
896
171
connections
0.2375
step
0.095
link
1.9
enable
0.210526
bias
0.421052
node
0.475
disable
0.38
done
5
80 171 1 269 1
102 1000002 -1.0986053041169 266 1
171 1000002 1.848750267037 270 0
80 1000002 1.848750267037 267 0
170 1000006 0.056337168492691 268 1
0
0
1
936.5
171
connections
0.2631575
step
0.095
link
1.9
enable
0.210526
bias
0.38
node
0.475
disable
0.421052
done
5
46 171 1 274 1
145 1000004 -1.9772942289499 272 1
46 1000005 -1.012054811243 271 0
170 1000005 1.8078554643391 273 1
171 1000005 -1.012054811243 275 1
0
0
1
949
170
connections
0.2375
step
0.105263
link
1.9
enable
0.210526
bias
0.421052
node
0.475
disable
0.38
done
2
150 1000003 -0.55952635273293 277 0
107 1000006 0.16913357951598 276 1
0
0
1
981
171
connections
0.2631575
step
0.105263
link
1.9
enable
0.210526
bias
0.421052
node
0.475
disable
0.421052
done
4
161 171 1 280 1
145 1000002 -0.76937162388989 279 1
161 1000003 -1.1270485549486 278 0
171 1000003 -1.1270485549486 281 1
0
0
1
995.5
171
connections
0.2375
step
0.105263
link
2.10526
enable
0.210526
bias
0.421052
node
0.526315
disable
0.38
done
5
170 171 1 285 1
152 1000003 -0.74935148167364 283 1
92 1000003 1.3746147038179 282 1
170 1000004 0.88338877529221 284 1
171 1000004 0.88338877529221 286 1
0
0
1
995.5
170
connections
0.2631575
step
0.095
link
1.9
enable
0.19
bias
0.38
node
0.475
disable
0.421052
done
2
158 1000004 -1.8846400341807 287 0
123 1000004 1.8546098208563 288 1
0
0
1
995.5
170
connections
0.2375
step
0.105263
link
2.10526
enable
0.19
bias
0.421052
node
0.526315
disable
0.421052
done
3
91 1000001 0.80159916989654 289 1
54 1000004 -0.14081240272225 290 1
170 1000004 1.4048890652181 291 1
0
0
1
995.5
170
connections
0.2631575
step
0.105263
link
2.10526
enable
0.19
bias
0.38
node
0.475
disable
0.38
done
2
136 1000001 -0.046449171422468 292 1
47 1000005 0.97189245277261 293 0
0
0
1
995.5
170
connections
0.2631575
step
0.105263
link
2.10526
enable
0.210526
bias
0.421052
node
0.475
disable
0.38
done
2
97 1000001 -1.3232215338603 295 1
113 1000006 1.4323557237465 294 1
0
0
1
995.5
171
connections
0.2631575
step
0.095
link
1.9
enable
0.19
bias
0.421052
node
0.475
disable
0.38
done
4
37 171 1 298 0
94 1000003 1.5317239906003 297 1
37 1000006 1.5579699087497 296 1
171 1000006 1.5579699087497 299 1
0
0
1
995.5
171
connections
0.2375
step
0.095
link
1.9
enable
0.210526
bias
0.38
node
0.526315
disable
0.38
done
4
65 171 1 302 1
171 1000003 1.8923306985687 303 1
65 1000003 1.8923306985687 301 1
54 1000005 0.24054689168981 300 1
0
0
1
995.5
171
connections
0.2375
step
0.095
link
2.10526
enable
0.19
bias
0.421052
node
0.475
disable
0.38
done
4
93 171 1 306 1
1000005 1000001 1.6036255989257 305 1
93 1000006 1.1994384594256 304 0
171 1000006 1.1994384594256 307 1
0
0
1
995.5
171
connections
0.2631575
step
0.105263
link
1.9
enable
0.19
bias
0.421052
node
0.526315
disable
0.38
done
5
170 171 1 311 1
162 1000003 1.6340220343638 309 1
157 1000004 0.61543626209296 308 0
170 1000005 -0.37360759300516 310 0
171 1000005 -0.37360759300516 312 1
0
0
1
995.5
171
connections
0.2375
step
0.095
link
2.10526
enable
0.210526
bias
0.421052
node
0.475
disable
0.421052
done
4
30 171 1 315 1
30 1000006 0.14496292001099 313 0
74 1000006 -0.070131534775842 314 1
171 1000006 0.14496292001099 316 1
0
0
1
995.5
171
connections
0.2631575
step
0.105263
link
1.9
enable
0.19
bias
0.38
node
0.526315
disable
0.421052
done
5
170 171 1 320 1
126 1000001 1.6346324045534 318 0
171 1000002 0.87545396282846 321 1
170 1000002 0.87545396282846 319 0
82 1000005 -1.8454542680136 317 1
0
0
1
1040
170
connections
0.2375
step
0.095
link
2.10526
enable
0.19
bias
0.38
node
0.526315
disable
0.38
done
3
68 1000002 -1.2857448042238 323 1
170 1000004 -1.5274513992737 324 1
65 1000006 0.38691366313669 322 1
0
0
1
1099.5
170
connections
0.2631575
step
0.105263
link
2.10526
enable
0.210526
bias
0.38
node
0.475
disable
0.38
done
3
169 1000001 -1.6557512131108 326 1
113 1000003 -0.16461684011353 325 1
11 1000005 -0.40156254768517 327 1
0
0
1
1099.5
171
connections
0.2375
step
0.095
link
1.9
enable
0.19
bias
0.421052
node
0.475
disable
0.38
done
4
11 171 1 330 1
170 1000001 -1.3185827204199 329 1
11 1000005 1.5136570329905 328 1
171 1000005 1.5136570329905 331 1
0
0
1
1099.5
171
connections
0.2631575
step
0.105263
link
2.10526
enable
0.19
bias
0.38
node
0.475
disable
0.38
done
4
32 171 1 334 1
32 1000002 -0.29401532029176 332 0
171 1000002 -0.29401532029176 335 0
51 1000004 -0.15961180455947 333 1
0
0
1
1099.5
171
connections
0.2375
step
0.095
link
1.9
enable
0.210526
bias
0.421052
node
0.475
disable
0.38
done
5
170 171 1 339 1
171 1000003 0.93746757408368 340 1
170 1000003 0.93746757408368 338 1
112 1000005 -1.3585009308145 337 1
126 1000005 -1.0049745170446 336 1
0
0
1
1099.5
171
connections
0.2631575
step
0.095
link
1.9
enable
0.19
bias
0.38
node
0.475
disable
0.421052
done
4
161 171 1 343 0
171 1000005 0.11859492782373 344 1
161 1000005 0.11859492782373 342 0
123 1000006 -1.2413098544267 341 1
0
0
1
1185
171
connections
0.2631575
step
0.105263
link
1.9
enable
0.19
bias
0.421052
node
0.526315
disable
0.38
done
5
9 171 1 348 1
170 1000002 0.0086062196722314 347 1
171 1000004 -1.8713339640492 349 1
9 1000004 -1.8713339640492 346 0
127 1000006 1.5593127231666 345 1
0
0
1
1235.5
171
connections
0.2631575
step
0.105263
link
2.10526
enable
0.210526
bias
0.38
node
0.526315
disable
0.38
done
4
86 171 1 352 0
171 1000002 -0.65852839747307 353 1
86 1000002 -0.65852839747307 351 0
56 1000005 -0.10419019135105 350 1
0
0
1
1235.5
171
connections
0.2375
step
0.095
link
1.9
enable
0.19
bias
0.38
node
0.475
disable
0.421052
done
4
116 171 1 356 1
10 1000004 -1.5877559739982 355 1
116 1000005 -1.8393505661184 354 0
171 1000005 -1.8393505661184 357 1
0
0
1
1235.5
170
connections
0.2631575
step
0.105263
link
1.9
enable
0.19
bias
0.38
node
0.475
disable
0.38
done
2
131 1000001 -1.7032380138554 358 1
43 1000001 -1.3937803277688 359 1
0
0
1
1235.5
170
connections
0.2375
step
0.095
link
1.9
enable
0.19
bias
0.421052
node
0.526315
disable
0.38
done
2
9 1000001 0.79866939298685 361 1
125 1000003 1.469832453383 360 1
0
0
1
1203
170
connections
0.2631575
step
0.095
link
1.9
enable
0.210526
bias
0.421052
node
0.526315
disable
0.38
done
3
170 1000001 1.3762016663106 364 1
47 1000003 0.58711508529923 363 1
135 1000006 0.76827295754875 362 1
0
0
1
1244.5
170
connections
0.2631575
step
0.095
link
2.10526
enable
0.19
bias
0.421052
node
0.475
disable
0.38
done
2
146 1000001 -0.89278847621082 366 0
76 1000002 -1.7506027405622 365 1
0
0
1
1244.5
170
connections
0.2631575
step
0.105263
link
2.10526
enable
0.210526
bias
0.38
node
0.526315
disable
0.38
done
2
75 1000004 1.5014496292001 368 1
34 1000006 1.0823694570757 367 0
0
0
1
1244.5
171
connections
0.2375
step
0.095
link
1.9
enable
0.210526
bias
0.38
node
0.475
disable
0.421052
done
4
1000002 171 1 371 1
67 1000004 -0.95590075380718 370 1
1000002 1000005 0.62385937070833 369 0
171 1000005 0.62385937070833 372 1
0
0
1
1244.5
170
connections
0.2375
step
0.105263
link
2.10526
enable
0.19
bias
0.38
node
0.526315
disable
0.421052
done
3
170 1000003 -0.81478316599017 375 1
131 1000005 0.48078859828486 373 1
124 1000006 -0.14581743827631 374 1
0
0
1
1244.5
170
connections
0.2631575
step
0.105263
link
1.9
enable
0.210526
bias
0.421052
node
0.526315
disable
0.421052
done
2
170 1000001 1.3018585772271 377 1
1 1000006 -0.20380260628071 376 0
0
0
1
1244.5
171
connections
0.2631575
step
0.095
link
1.9
enable
0.19
bias
0.38
node
0.526315
disable
0.38
done
5
170 171 1 381 1
98 1000002 0.6933194982757 379 0
2 1000003 0.025818659016694 378 1
170 1000006 -0.12750633259072 380 0
171 1000006 -0.12750633259072 382 1
0
0
1
1244.5
170
connections
0.2631575
step
0.105263
link
2.10526
enable
0.19
bias
0.421052
node
0.526315
disable
0.38
done
2
117 1000004 -0.44380016479995 383 1
106 1000004 -0.71309549241615 384 1
0
0
1
1254.5
171
connections
0.2375
step
0.095
link
1.9
enable
0.19
bias
0.421052
node
0.475
disable
0.38
done
4
163 171 1 387 1
37 1000001 0.2830286568804 386 1
163 1000006 0.52693258461257 385 0
171 1000006 0.52693258461257 388 1
0
0
1
1300.5
171
connections
0.2631575
step
0.095
link
1.9
enable
0.19
bias
0.421052
node
0.475
disable
0.421052
done
4
1000005 171 1 391 1
128 1000005 1.6317026276437 389 0
1000005 1000006 0.60213019196142 390 0
171 1000006 0.60213019196142 392 1
0
0
1
1300.5
170
connections
0.2631575
step
0.095
link
1.9
enable
0.19
bias
0.38
node
0.526315
disable
0.421052
done
2
73 1000006 1.9588610492264 393 1
154 1000006 0.78951384014405 394 1
0
0
1
1300.5
170
connections
0.2375
step
0.095
link
1.9
enable
0.19
bias
0.38
node
0.526315
disable
0.38
done
1
127 1000004 1.5417340617084 395 1
0
0
1
1403
171
connections
0.2375
step
0.095
link
1.9
enable
0.210526
bias
0.38
node
0.526315
disable
0.38
done
5
1 171 1 399 1
1 1000005 -0.99105807672353 397 0
171 1000005 -0.99105807672353 400 1
170 1000006 1.3111362041078 398 1
22 1000006 1.3720511490219 396 1
0
0
1
1508.5
170
connections
0.2631575
step
0.095
link
1.9
enable
0.19
bias
0.421052
node
0.526315
disable
0.38
done
3
39 1000001 -0.40595721304971 401 0
170 1000002 -0.70760216071047 403 1
75 1000003 1.5478377636036 402 1
0
0
1
1508.5
170
connections
0.2631575
step
0.095
link
1.9
enable
0.19
bias
0.421052
node
0.475
disable
0.421052
done
2
129 1000002 1.3702200384533 404 1
161 1000002 -0.60860011597034 405 0
0
0
1
1508.5
170
connections
0.2375
step
0.105263
link
2.10526
enable
0.210526
bias
0.38
node
0.526315
disable
0.38
done
2
119 1000005 -0.95980712302011 407 1
76 1000006 0.89278847621082 406 1
0
0
1
1508.5
170
connections
0.2631575
step
0.095
link
2.10526
enable
0.210526
bias
0.38
node
0.526315
disable
0.38
done
2
137 1000003 -0.90792565691092 408 0
79 1000005 0.15680410168767 409 1
0
0
1
1508.5
171
connections
0.2375
step
0.095
link
2.10526
enable
0.19
bias
0.38
node
0.526315
disable
0.421052
done
6
170 171 1 414 1
130 1000001 0.094058046205023 410 1
111 1000001 1.6594134342479 412 1
170 1000003 -1.772453993347 413 0
1000006 1000003 -0.63130588702048 411 1
171 1000003 -1.772453993347 415 0
0
0
1
1571
170
connections
0.2631575
step
0.105263
link
1.9
enable
0.210526
bias
0.421052
node
0.526315
disable
0.38
done
3
92 1000003 1.9471419415876 416 1
133 1000006 -1.6357310708945 417 1
170 1000006 0.16779076509903 418 1
0
0
1
1626
171
connections
0.2631575
step
0.095
link
2.10526
enable
0.19
bias
0.421052
node
0.526315
disable
0.38
done
5
106 171 1 422 1
16 1000001 0.55061494796594 420 1
106 1000004 -0.39448225348674 419 0
171 1000004 -0.39448225348674 423 0
170 1000005 -0.44306772057253 421 1
0
0
1
1640.5
171
connections
0.2631575
step
0.095
link
1.9
enable
0.210526
bias
0.421052
node
0.526315
disable
0.38
done
5
170 171 1 427 1
44 1000001 1.580431531724 424 0
170 1000002 0.58357493820002 426 0
89 1000002 -1.0585650196844 425 1
171 1000002 0.58357493820002 428 1
0
0
1
1640.5
171
connections
0.2631575
step
0.105263
link
2.10526
enable
0.210526
bias
0.421052
node
0.526315
disable
0.38
done
4
136 171 1 431 1
171 1000004 0.29938657795953 432 0
136 1000004 0.29938657795953 430 0
1000003 1000006 1.4499343852046 429 1
0
0
1
1640.5
170
connections
0.2631575
step
0.105263
link
1.9
enable
0.210526
bias
0.38
node
0.526315
disable
0.38
done
3
71 1000001 -1.0466017639698 433 1
79 1000002 -0.76534318063906 434 1
170 1000006 -0.96786400952177 435 1
0
0
1
1640.5
170
connections
0.2375
step
0.095
link
2.10526
enable
0.19
bias
0.421052
node
0.526315
disable
0.38
done
3
41 1000001 1.5795770134587 437 1
4 1000003 1.3270058290353 436 1
170 1000004 -0.23456526383251 438 1
0
0
1
1640.5
171
connections
0.2631575
step
0.105263
link
2.10526
enable
0.210526
bias
0.421052
node
0.526315
disable
0.38
done
4
52 171 1 441 1
55 1000001 1.2111575670644 439 1
52 1000006 1.0574663533433 440 1
171 1000006 1.0574663533433 442 1
0
0
1
1640.5
171
connections
0.2375
step
0.105263
link
1.9
enable
0.210526
bias
0.421052
node
0.526315
disable
0.421052
done
3
54 171 1 444 1
54 1000005 1.2121341593677 443 0
171 1000005 1.2121341593677 445 1
0
0
1
1640.5
170
connections
0.2375
step
0.105263
link
2.10526
enable
0.210526
bias
0.421052
node
0.526315
disable
0.421052
done
3
137 1000003 0.32990508743553 446 1
170 1000003 1.343974120304 448 1
64 1000005 0.9931333353679 447 1
0
0
1
1640.5
171
connections
0.2375
step
0.105263
link
2.10526
enable
0.19
bias
0.421052
node
0.475
disable
0.38
done
5
13 171 1 452 1
153 1000002 1.247291482284 450 1
171 1000004 1.6939603869747 453 1
13 1000004 1.6939603869747 451 0
139 1000005 0.5155796990875 449 1
0
0
1
1640.5
170
connections
0.2631575
step
0.105263
link
2.10526
enable
0.210526
bias
0.38
node
0.475
disable
0.421052
done
2
2 1000004 -1.3013702810755 454 1
4 1000005 -1.6812646870327 455 1
0
0
1
1640.5
171
connections
0.2631575
step
0.095
link
2.10526
enable
0.210526
bias
0.421052
node
0.475
disable
0.38
done
5
170 171 1 459 1
19 1000004 1.4576250495926 456 1
170 1000005 -1.029877620777 458 1
119 1000005 1.2455824457533 457 0
171 1000005 -1.029877620777 460 1
0
0
1
1640.5
170
connections
0.2631575
step
0.095
link
1.9
enable
0.210526
bias
0.38
node
0.475
disable
0.421052
done
3
111 1000001 -1.1822260200812 461 1
95 1000003 -1.7049470503861 462 1
170 1000006 0.25019074068422 463 0
0
0
1
1640.5
171
connections
0.2631575
step
0.095
link
1.9
enable
0.210526
bias
0.38
node
0.475
disable
0.421052
done
4
12 171 1 466 1
22 1000003 0.96212652974029 465 1
12 1000004 -0.45991393780328 464 0
171 1000004 -0.45991393780328 467 1
0
0
1
1640.5
171
connections
0.2375
step
0.105263
link
1.9
enable
0.19
bias
0.38
node
0.475
disable
0.421052
done
4
26 171 1 470 1
5 1000001 0.49629200109867 469 1
26 1000003 1.909665211951 468 0
171 1000003 1.909665211951 471 1
0
0
1
1640.5
170
connections
0.2631575
step
0.095
link
1.9
enable
0.19
bias
0.421052
node
0.475
disable
0.421052
done
3
170 1000002 -1.1512192144536 474 0
143 1000005 -0.31965086825159 473 1
11 1000006 0.063783684804834 472 1
0
0
1
1640.5
171
connections
0.2375
step
0.095
link
1.9
enable
0.19
bias
0.421052
node
0.526315
disable
0.38
done
4
104 171 1 477 1
104 1000006 -1.614734336375 475 0
145 1000006 -1.1155735953856 476 1
171 1000006 -1.614734336375 478 1
0
0
1
1640.5
171
connections
0.2631575
step
0.095
link
1.9
enable
0.19
bias
0.38
node
0.526315
disable
0.38
done
4
70 171 1 481 1
91 1000004 -1.9620349742119 479 1
70 1000004 1.853755302591 480 1
171 1000004 1.853755302591 482 1
0
0
1
1640.5
171
connections
0.2631575
step
0.095
link
1.9
enable
0.210526
bias
0.421052
node
0.475
disable
0.421052
done
5
57 171 1 486 1
170 1000001 -0.30378124332408 485 1
171 1000002 0.2066103091525 487 1
57 1000002 0.2066103091525 484 0
72 1000003 -1.5082857753227 483 1
0
0
1
1640.5
170
connections
0.2631575
step
0.095
link
2.10526
enable
0.210526
bias
0.38
node
0.526315
disable
0.421052
done
3
125 1000001 -1.3752250740074 488 0
151 1000002 0.66182439649647 489 1
40 1000004 0.22760704367199 490 1
0
0
1
1640.5
171
connections
0.2631575
step
0.095
link
2.10526
enable
0.19
bias
0.421052
node
0.526315
disable
0.38
done
4
104 171 1 493 1
152 1000004 -1.7169103061007 491 0
104 1000005 1.9703360087893 492 0
171 1000005 1.9703360087893 494 1
0
0
1
1640.5
170
connections
0.2375
step
0.105263
link
2.10526
enable
0.19
bias
0.38
node
0.526315
disable
0.421052
done
2
155 1000002 -0.77047029023103 496 1
165 1000004 1.4284493545335 495 1
0
0
1
1640.5
171
connections
0.2631575
step
0.095
link
1.9
enable
0.210526
bias
0.38
node
0.526315
disable
0.421052
done
5
163 171 1 500 1
163 1000001 0.48762474440748 497 0
171 1000001 0.48762474440748 501 0
133 1000004 -1.1396221808527 498 1
170 1000005 -1.8873256630146 499 1
0
0
1
1640.5
171
connections
0.2631575
step
0.105263
link
2.10526
enable
0.19
bias
0.421052
node
0.475
disable
0.421052
done
5
151 171 1 505 1
151 1000002 -0.78048036133915 502 1
171 1000002 -0.78048036133915 506 1
143 1000002 0.071230201116978 503 1
170 1000004 -0.45222327341533 504 1
0
0
1
1640.5
171
connections
0.2375
step
0.095
link
2.10526
enable
0.19
bias
0.421052
node
0.526315
disable
0.38
done
4
120 171 1 509 1
158 1000003 0.86690878017518 508 1
120 1000004 -0.172917874691 507 0
171 1000004 -0.172917874691 510 1
0
0
1
1640.5
171
connections
0.2631575
step
0.095
link
1.9
enable
0.19
bias
0.421052
node
0.475
disable
0.421052
done
5
170 171 1 514 1
171 1000002 -1.4039124729148 515 1
170 1000002 -1.4039124729148 513 1
1000006 1000002 -0.97372356334117 512 1
155 1000004 -0.63972899563585 511 1
0
0
1
1640.5
170
connections
0.2631575
step
0.095
link
2.10526
enable
0.19
bias
0.38
node
0.526315
disable
0.421052
done
2
8 1000005 0.59651478621784 517 1
75 1000006 -1.4887539292581 516 0
0
0
1
1640.5
170
connections
0.2375
step
0.105263
link
2.10526
enable
0.19
bias
0.38
node
0.475
disable
0.421052
done
2
55 1000003 1.7639088106937 519 1
73 1000004 1.9194311349834 518 0
0
0
1
1640.5
170
connections
0.2375
step
0.095
link
1.9
enable
0.210526
bias
0.38
node
0.475
disable
0.38
done
2
53 1000001 1.3580126346629 521 1
50 1000002 1.2317880794702 520 0
0
0
1
1652
170
connections
0.2631575
step
0.095
link
1.9
enable
0.210526
bias
0.38
node
0.526315
disable
0.38
done
1
35 1000002 1.6588030640584 522 0
0
0
1
1672.5
170
connections
0.2375
step
0.095
link
2.10526
enable
0.19
bias
0.38
node
0.475
disable
0.38
done
2
135 1000002 1.1302224799341 523 1
1 1000006 -0.99813837092196 524 0
0
0
1
1672.5
170
connections
0.2631575
step
0.105263
link
2.10526
enable
0.19
bias
0.421052
node
0.526315
disable
0.38
done
2
127 1000002 1.1587878048036 525 1
151 1000005 0.043275246436964 526 0
0
0
1
1672.5
170
connections
0.2375
step
0.105263
link
1.9
enable
0.210526
bias
0.421052
node
0.526315
disable
0.421052
done
1
28 1000002 -0.18671224097415 527 0
0
0
1
1705.5
171
connections
0.2375
step
0.095
link
2.10526
enable
0.210526
bias
0.421052
node
0.526315
disable
0.421052
done
5
2 171 1 531 1
170 1000001 -0.046571245460372 530 1
2 1000006 1.8052919095431 528 0
112 1000006 1.3879207739494 529 1
171 1000006 1.8052919095431 532 1
0
0
1
1735.5
171
connections
0.2631575
step
0.095
link
1.9
enable
0.210526
bias
0.38
node
0.475
disable
0.38
done
5
132 171 1 536 0
29 1000003 1.6839503158666 533 1
170 1000003 1.3660695211646 535 1
132 1000003 1.196386608478 534 0
171 1000003 1.196386608478 537 1
0
0
1
1735.5
171
connections
0.2375
step
0.095
link
1.9
enable
0.19
bias
0.421052
node
0.526315
disable
0.421052
done
5
133 171 1 541 1
171 1000002 -1.9634998626667 542 1
170 1000002 1.9947508163701 540 1
133 1000002 -1.9634998626667 539 0
41 1000004 1.1357158116398 538 1
0
0
1
1735.5
170
connections
0.2631575
step
0.105263
link
2.10526
enable
0.19
bias
0.421052
node
0.475
disable
0.421052
done
3
7 1000001 -0.34321115756706 544 1
1000006 1000004 1.032441175573 543 1
170 1000004 1.5312356944487 545 1
0
0
1
1735.5
171
connections
0.2631575
step
0.095
link
2.10526
enable
0.210526
bias
0.421052
node
0.526315
disable
0.421052
done
4
53 171 1 548 1
171 1000001 -0.61543626209296 549 1
53 1000001 -0.61543626209296 547 0
95 1000006 0.94784386730552 546 1
0
0
1
1735.5
171
connections
0.2375
step
0.105263
link
1.9
enable
0.19
bias
0.38
node
0.475
disable
0.421052
done
4
159 171 1 552 1
164 1000001 -1.7806329538865 551 1
159 1000003 -0.19855342265084 550 1
171 1000003 -0.19855342265084 553 0
0
0
1
1735.5
170
connections
0.2631575
step
0.095
link
2.10526
enable
0.210526
bias
0.38
node
0.526315
disable
0.38
done
2
55 1000002 -0.12372203741569 555 0
121 1000003 -1.4550614947966 554 1
0
0
1
1735.5
170
connections
0.2375
step
0.095
link
1.9
enable
0.210526
bias
0.38
node
0.526315
disable
0.421052
done
2
29 1000004 -0.15082247383038 556 1
109 1000004 1.4284493545335 557 0
0
0
1
1749
170
connections
0.2631575
step
0.105263
link
1.9
enable
0.19
bias
0.38
node
0.475
disable
0.38
done
2
32 1000001 -1.4908291879025 558 1
9 1000004 1.5208594012268 559 1
0
0
1
1801
170
connections
0.2375
step
0.095
link
1.9
enable
0.19
bias
0.38
node
0.475
disable
0.421052
done
3
59 1000001 -1.0404980620746 561 1
164 1000005 -0.87630848109378 560 1
170 1000006 0.2737510299997 562 1
0
0
1
1854.5
171
connections
0.2375
step
0.105263
link
2.10526
enable
0.19
bias
0.38
node
0.526315
disable
0.38
done
4
163 171 1 565 0
171 1000001 -0.62459181493576 566 1
163 1000001 -0.62459181493576 564 0
66 1000002 -0.488235114597 563 1
0
0
1
1854.5
170
connections
0.2375
step
0.105263
link
1.9
enable
0.19
bias
0.421052
node
0.475
disable
0.38
done
3
130 1000001 0.24445326090274 567 0
102 1000002 0.89693899349956 568 1
170 1000002 0.84261604663228 569 1
0
0
1
1854.5
170
connections
0.2631575
step
0.095
link
1.9
enable
0.210526
bias
0.421052
node
0.475
disable
0.38
done
3
162 1000001 1.380840479751 571 1
102 1000003 0.9074373607593 570 1
170 1000003 -1.1938230536821 572 1
0
0
1
1854.5
171
connections
0.2631575
step
0.095
link
1.9
enable
0.210526
bias
0.38
node
0.526315
disable
0.421052
done
4
20 171 1 575 1
20 1000002 0.081606494338816 573 1
171 1000002 0.081606494338816 576 1
58 1000006 1.2500991851558 574 0
0
0
1
1900.5
170
connections
0.2375
step
0.105263
link
1.9
enable
0.210526
bias
0.38
node
0.475
disable
0.421052
done
3
159 1000005 0.62446974089785 578 1
36 1000006 -0.0026245918149357 577 1
170 1000006 0.8370006408887 579 1
0
0
1
1960.5
170
connections
0.2631575
step
0.105263
link
1.9
enable
0.210526
bias
0.38
node
0.475
disable
0.38
done
2
5 1000001 1.1410870693075 581 1
13 1000006 0.88460951567125 580 0
0
0
1
0
171
connections
0.2375
step
0.105263
link
1.9
enable
0.19
bias
0.421052
node
0.475
disable
0.38
done
4
142 1000006 0.85250404370251 582 1
57 1000003 0.4423352763451 583 0
57 171 1 584 1
171 1000003 0.4423352763451 585 1
0
0
1
0
170
connections
0.2631575
step
0.105263
link
1.9
enable
0.210526
bias
0.421052
node
0.526315
disable
0.421052
done
2
15 1000005 0.65108188116092 586 1
50 1000004 -1.727896969512 587 0
0
0
1
0
170
connections
0.2375
step
0.105263
link
1.9
enable
0.19
bias
0.38
node
0.526315
disable
0.421052
done
3
21 1000001 -1.1205786309397 588 0
155 1000005 -1.4691000091556 589 1
170 1000002 -0.66707358012635 590 1
0
0
1
0
170
connections
0.2375
step
0.095
link
2.10526
enable
0.19
bias
0.421052
node
0.526315
disable
0.421052
done
2
143 1000003 -0.85091708120975 591 1
111 1000001 1.0467238380078 592 1
0
0
1
0
171
connections
0.2375
step
0.095
link
1.9
enable
0.19
bias
0.421052
node
0.475
disable
0.38
done
4
3 1000002 1.9078341013825 593 1
72 1000006 -0.38019959105197 594 0
72 171 1 595 1
171 1000006 -0.38019959105197 596 1
0
0
1
0
171
connections
0.2375
step
0.095
link
2.10526
enable
0.19
bias
0.421052
node
0.526315
disable
0.421052
done
4
2 1000006 0.022278511917478 597 1
38 1000004 1.8227484969634 598 1
38 171 1 599 0
171 1000004 1.8227484969634 600 1
0
0
1
0
170
connections
0.2631575
step
0.095
link
1.9
enable
0.19
bias
0.38
node
0.526315
disable
0.421052
done
2
117 1000003 -1.8217719046602 601 1
52 1000001 -1.02096621601 602 1
0
0
1
0
170
connections
0.2631575
step
0.105263
link
1.9
enable
0.19
bias
0.38
node
0.526315
disable
0.421052
done
2
81 1000003 0.61922055726798 603 1
9 1000004 1.5606555375835 604 0
0
0
1
0
170
connections
0.2631575
step
0.095
link
2.10526
enable
0.210526
bias
0.38
node
0.526315
disable
0.421052
done
3
37 1000001 1.1248512222663 605 1
43 1000004 -1.814325388348 606 1
170 1000002 0.63252662739952 607 1
0
0
1
0
170
connections
0.2375
step
0.095
link
1.9
enable
0.19
bias
0.421052
node
0.475
disable
0.421052
done
2
75 1000006 -0.83053071687979 608 0
170 1000005 -1.6360972930082 609 1
0
0
1
0
171
connections
0.2375
step
0.095
link
2.10526
enable
0.19
bias
0.38
node
0.526315
disable
0.38
done
5
1000004 1000005 0.81246375927 610 0
100 1000005 -0.66414380321665 611 1
170 1000004 0.61421552171392 612 1
1000004 171 1 613 1
171 1000005 0.81246375927 614 1
0
0
1
0
170
connections
0.2631575
step
0.095
link
2.10526
enable
0.19
bias
0.421052
node
0.475
disable
0.38
done
2
87 1000002 -1.5610217596973 615 0
138 1000002 -0.72334971160009 616 1
0
0
1
0
171
connections
0.2375
step
0.105263
link
2.10526
enable
0.210526
bias
0.421052
node
0.526315
disable
0.38
done
5
10 1000005 -0.71956541642506 617 0
53 1000003 0.31525620288705 618 1
170 1000003 1.6601458784753 619 1
10 171 1 620 1
171 1000005 -0.71956541642506 621 1
0
0
1
0
170
connections
0.2375
step
0.105263
link
2.10526
enable
0.210526
bias
0.421052
node
0.526315
disable
0.38
done
2
61 1000004 -1.1949217200232 622 1
44 1000005 0.10528885769219 623 1
0
0
1
0
170
connections
0.2375
step
0.095
link
2.10526
enable
0.19
bias
0.38
node
0.475
disable
0.38
done
2
17 1000002 -0.97494430372021 624 0
41 1000005 0.32978301339763 625 1
0
0
1
0
171
connections
0.2631575
step
0.095
link
2.10526
enable
0.19
bias
0.421052
node
0.475
disable
0.421052
done
5
80 1000003 -0.95748771629994 626 1
44 1000004 0.85677663502915 627 0
170 1000005 1.3152867213965 628 1
44 171 1 629 1
171 1000004 0.85677663502915 630 1
0
0
1
0
171
connections
0.2631575
step
0.095
link
1.9
enable
0.19
bias
0.38
node
0.526315
disable
0.38
done
4
70 1000002 -0.84908597064119 631 1
19 1000004 -1.2377697073275 632 0
19 171 1 633 0
171 1000004 -1.2377697073275 634 1
0
0
1
0
171
connections
0.2375
step
0.105263
link
2.10526
enable
0.19
bias
0.38
node
0.475
disable
0.421052
done
4
50 1000004 0.34003723258156 635 1
141 1000004 1.0564897610401 636 0
141 171 1 637 1
171 1000004 1.0564897610401 638 0
0
0
1
0
171
connections
0.2631575
step
0.095
link
1.9
enable
0.210526
bias
0.38
node
0.475
disable
0.38
done
4
69 1000003 0.13531907101657 639 1
61 1000003 1.7191076387829 640 0
61 171 1 641 1
171 1000003 1.7191076387829 642 1
0
0
1
0
170
connections
0.2375
step
0.095
link
1.9
enable
0.210526
bias
0.38
node
0.475
disable
0.38
done
2
149 1000004 0.64302499465926 643 0
126 1000002 0.40571306497391 644 1
0
0
1
0
171
connections
0.2375
step
0.105263
link
1.9
enable
0.210526
bias
0.421052
node
0.475
disable
0.421052
done
5
79 1000001 0.51924192022462 645 1
38 1000004 1.5565050202948 646 1
170 1000004 0.8249153111362 647 1
170 171 1 648 0
171 1000004 0.8249153111362 649 1
0
0
1
0
170
connections
0.2375
step
0.105263
link
1.9
enable
0.19
bias
0.421052
node
0.475
disable
0.38
done
2
48 1000005 1.6702780236213 650 1
31 1000004 1.233375041963 651 1
0
0
1
0
171
connections
0.2375
step
0.105263
link
1.9
enable
0.19
bias
0.421052
node
0.475
disable
0.421052
done
4
116 1000004 -1.7844172490616 652 0
82 1000006 0.9135410626545 653 1
116 171 1 654 1
171 1000004 -1.7844172490616 655 0
0
0
1
0
170
connections
0.2631575
step
0.095
link
1.9
enable
0.19
bias
0.421052
node
0.475
disable
0.421052
done
3
147 1000006 1.3707083346049 656 1
4 1000001 0.073061311685537 657 1
170 1000002 1.3790093691824 658 0
0
0
1
0
171
connections
0.2375
step
0.105263
link
2.10526
enable
0.210526
bias
0.38
node
0.526315
disable
0.421052
done
4
131 1000005 0.44648579363384 659 1
45 1000006 0.88155766472365 660 0
45 171 1 661 1
171 1000006 0.88155766472365 662 1
0
0
1
0
170
connections
0.2631575
step
0.105263
link
2.10526
enable
0.210526
bias
0.38
node
0.526315
disable
0.421052
done
3
15 1000005 -1.397320474868 663 1
115 1000005 -1.6652729880673 664 0
170 1000006 0.44672994170965 665 1
0
0
1
0
170
connections
0.2631575
step
0.095
link
1.9
enable
0.210526
bias
0.421052
node
0.475
disable
0.38
done
2
13 1000006 -0.93527024140141 666 1
11 1000004 -0.53547776726585 667 1
0
0
1
0
170
connections
0.2631575
step
0.105263
link
1.9
enable
0.210526
bias
0.421052
node
0.475
disable
0.38
done
2
1000001 1000005 1.6960356456191 668 1
15 1000004 0.20026245918149 669 1
0
0
1
0
170
connections
0.2375
step
0.095
link
1.9
enable
0.19
bias
0.421052
node
0.526315
disable
0.38
done
2
159 1000001 1.7995544297617 670 1
78 1000005 -1.4268623920408 671 1
0
0
1
0
171
connections
0.2631575
step
0.095
link
1.9
enable
0.19
bias
0.38
node
0.526315
disable
0.421052
done
4
45 1000005 1.2973418378246 672 0
82 1000003 -1.3792535172582 673 1
45 171 1 674 1
171 1000005 1.2973418378246 675 1
0
0
1
0
171
connections
0.2631575
step
0.095
link
2.10526
enable
0.19
bias
0.38
node
0.475
disable
0.421052
done
4
58 1000004 -0.28095339823603 676 1
77 1000003 1.7907650990326 677 0
77 171 1 678 0
171 1000003 1.7907650990326 679 1
0
0
1
0
170
connections
0.2631575
step
0.105263
link
2.10526
enable
0.210526
bias
0.38
node
0.526315
disable
0.421052
done
3
67 1000003 1.9486068300424 680 0
42 1000002 -1.4922940763573 681 1
170 1000003 1.1155735953856 682 1
0
0
1
0
170
connections
0.2375
step
0.105263
link
1.9
enable
0.210526
bias
0.38
node
0.475
disable
0.421052
done
2
39 1000001 -0.94674520096438 683 1
92 1000003 -1.9799798577837 684 0
0
0
1
0
170
connections
0.2375
step
0.095
link
1.9
enable
0.19
bias
0.421052
node
0.475
disable
0.38
done
2
90 1000003 1.191381572924 685 1
89 1000001 1.0838343455306 686 0
0
0
1
0
170
connections
0.2375
step
0.095
link
1.9
enable
0.210526
bias
0.38
node
0.526315
disable
0.38
done
2
107 1000003 -1.3751029999695 687 1
138 1000004 0.42023987548448 688 1
0
0
1
0
171
connections
0.2375
step
0.105263
link
2.10526
enable
0.19
bias
0.38
node
0.526315
disable
0.38
done
4
84 1000001 -0.66670735801263 689 1
82 1000005 -1.1194799645985 690 0
82 171 1 691 1
171 1000005 -1.1194799645985 692 0
0
0
1
0
171
connections
0.2631575
step
0.095
link
2.10526
enable
0.19
bias
0.421052
node
0.526315
disable
0.421052
done
5
27 1000004 0.18439283425398 693 1
117 1000005 0.8218634601886 694 0
170 1000002 0.50300607318339 695 1
117 171 1 696 1
171 1000005 0.8218634601886 697 1
0
0
1
0
170
connections
0.2631575
step
0.105263
link
1.9
enable
0.210526
bias
0.421052
node
0.526315
disable
0.38
done
2
56 1000006 0.41401409955138 698 1
145 1000001 -1.5246436964019 699 0
0
0
1
0
171
connections
0.2631575
step
0.095
link
2.10526
enable
0.210526
bias
0.38
node
0.526315
disable
0.421052
done
5
2 1000005 -1.4373607593005 700 1
68 1000002 1.1089815973388 701 1
170 1000001 -0.79244361705374 702 1
68 171 1 703 1
171 1000002 1.1089815973388 704 1
0
0
1
0
170
connections
0.2375
step
0.095
link
2.10526
enable
0.210526
bias
0.38
node
0.526315
disable
0.421052
done
2
133 1000004 1.5001068147832 705 1
81 1000003 1.5717642750328 706 1
0
0
1
0
170
connections
0.2375
step
0.105263
link
1.9
enable
0.210526
bias
0.38
node
0.475
disable
0.421052
done
3
69 1000001 -1.204077272866 707 1
46 1000005 -0.55391094698935 708 1
170 1000002 0.68379772331919 709 1
0
0
1
0
170
connections
0.2375
step
0.095
link
2.10526
enable
0.19
bias
0.38
node
0.475
disable
0.421052
done
2
13 1000001 0.33539841914121 710 1
168 1000001 0.30280465102084 711 1
0
0
1
0
170
connections
0.2631575
step
0.105263
link
1.9
enable
0.19
bias
0.421052
node
0.475
disable
0.421052
done
3
4 1000001 1.2026123844111 712 1
159 1000001 1.9625232703635 713 1
170 1000002 1.427838984344 714 1
0
0
1
0
170
connections
0.2375
step
0.105263
link
2.10526
enable
0.19
bias
0.38
node
0.526315
disable
0.421052
done
3
85 1000004 -0.019959105197302 715 1
46 1000001 0.25910214545122 716 1
170 1000001 -0.71395001068148 717 1
0
0
1
0
170
connections
0.2375
step
0.105263
link
1.9
enable
0.210526
bias
0.38
node
0.475
disable
0.38
done
2
1000003 1000005 1.9674062318796 718 1
49 1000001 -1.7538987395856 719 1
0
0
1
0
170
connections
0.2375
step
0.105263
link
2.10526
enable
0.19
bias
0.38
node
0.475
disable
0.38
done
3
144 1000005 -1.7061677907651 720 0
165 1000003 -0.6872157963805 721 1
170 1000003 0.16107669301431 722 1
0
0
1
0
171
connections
0.2631575
step
0.105263
link
2.10526
enable
0.19
bias
0.421052
node
0.475
disable
0.38
done
5
119 1000002 0.2953581347087 723 1
62 1000001 0.95797601245155 724 0
170 1000006 -1.6041138950774 725 1
62 171 1 726 0
171 1000001 0.95797601245155 727 1
0
0
1
0
171
connections
0.2631575
step
0.095
link
1.9
enable
0.19
bias
0.38
node
0.526315
disable
0.421052
done
4
95 1000001 -1.7513351847896 728 0
170 1000006 0.51057466353343 729 1
95 171 1 730 1
171 1000001 -1.7513351847896 731 1
0
0
1
0
171
connections
0.2631575
step
0.095
link
1.9
enable
0.210526
bias
0.421052
node
0.526315
disable
0.421052
done
4
9 1000004 -1.157078768273 732 0
77 1000006 0.39167455061495 733 1
9 171 1 734 1
171 1000004 -1.157078768273 735 1
0
0
1
0
170
connections
0.2631575
step
0.095
link
1.9
enable
0.210526
bias
0.38
node
0.526315
disable
0.38
done
2
76 1000006 1.5493026520585 736 1
95 1000002 -1.0104678487503 737 0
0
0
1
0
171
connections
0.2375
step
0.095
link
1.9
enable
0.19
bias
0.421052
node
0.475
disable
0.38
done
5
166 1000002 0.9655446028016 738 0
36 1000002 -0.094058046205023 739 1
170 1000005 -1.7015289773247 740 1
166 171 1 741 1
171 1000002 0.9655446028016 742 1
0
0
1
0
170
connections
0.2631575
step
0.105263
link
1.9
enable
0.210526
bias
0.421052
node
0.526315
disable
0.38
done
2
47 1000002 0.5921201208533 743 1
103 1000004 -0.35871456038087 744 1
0
0
1
0
171
connections
0.2375
step
0.105263
link
1.9
enable
0.210526
bias
0.421052
node
0.526315
disable
0.421052
done
5
144 1000005 0.74886318552202 745 0
54 1000006 -1.2079836420789 746 1
170 1000002 1.2684102908414 747 1
144 171 1 748 1
171 1000005 0.74886318552202 749 0
0
0
1
0
171
connections
0.2631575
step
0.095
link
1.9
enable
0.210526
bias
0.421052
node
0.526315
disable
0.421052
done
4
113 1000004 -0.27253028962065 750 1
34 1000001 -1.6728415784173 751 0
34 171 1 752 1
171 1000001 -1.6728415784173 753 0
0
0
1
0
171
connections
0.2375
step
0.095
link
1.9
enable
0.210526
bias
0.38
node
0.475
disable
0.421052
done
4
157 1000003 -0.060853907895138 754 0
135 1000004 -0.50520340586566 755 1
157 171 1 756 1
171 1000003 -0.060853907895138 757 1
0
0
1
0
171
connections
0.2375
step
0.095
link
2.10526
enable
0.19
bias
0.38
node
0.475
disable
0.38
done
4
165 1000004 1.9094210638752 758 1
27 1000005 0.16888943144017 759 0
27 171 1 760 0
171 1000005 0.16888943144017 761 1
0
0
1
0
171
connections
0.2375
step
0.095
link
1.9
enable
0.210526
bias
0.421052
node
0.526315
disable
0.38
done
4
56 1000005 0.6289864803003 762 1
159 1000005 1.5186620685446 763 1
159 171 1 764 1
171 1000005 1.5186620685446 765 1
0
0
1
0
170
connections
0.2375
step
0.105263
link
1.9
enable
0.210526
bias
0.421052
node
0.526315
disable
0.421052
done
2
57 1000002 -0.27631458479568 766 1
170 1000004 0.03765984069338 767 1
0
0
1
0
171
connections
0.2375
step
0.095
link
2.10526
enable
0.19
bias
0.421052
node
0.526315
disable
0.421052
done
5
20 1000003 1.5567491683706 768 1
1 1000001 -0.84762108218635 769 0
170 1000004 0.98812829981384 770 1
1 171 1 771 1
171 1000001 -0.84762108218635 772 1
0
0
1
0
171
connections
0.2631575
step
0.095
link
1.9
enable
0.210526
bias
0.38
node
0.475
disable
0.38
done
4
168 1000004 -0.78109073152867 773 1
96 1000006 -1.9167455061495 774 0
96 171 1 775 1
171 1000006 -1.9167455061495 776 1
0
0
1
0
170
connections
0.2375
step
0.095
link
2.10526
enable
0.19
bias
0.421052
node
0.526315
disable
0.421052
done
2
70 1000006 -0.13495284890286 777 0
115 1000001 0.54438917203284 778 1
0
0
1
0
170
connections
0.2631575
step
0.105263
link
1.9
enable
0.19
bias
0.38
node
0.526315
disable
0.38
done
2
112 1000001 -0.14410840174566 779 1
88 1000001 -0.45686208685568 780 1
0
0
1
0
170
connections
0.2631575
step
0.095
link
2.10526
enable
0.210526
bias
0.421052
node
0.475
disable
0.421052
done
2
58 1000004 1.1000701925718 781 1
125 1000005 1.2436292611469 782 1
0
0
1
0
170
connections
0.2375
step
0.105263
link
2.10526
enable
0.210526
bias
0.38
node
0.526315
disable
0.421052
done
2
44 1000002 0.93331705679495 783 1
117 1000002 0.55659657582324 784 0
0
0
1
0
170
connections
0.2631575
step
0.095
link
1.9
enable
0.210526
bias
0.38
node
0.526315
disable
0.421052
done
3
100 1000005 1.4611651966918 785 1
81 1000004 -1.1919919431135 786 1
170 1000003 -0.5523239844966 787 1
0
0
1
0
170
connections
0.2631575
step
0.105263
link
1.9
enable
0.210526
bias
0.38
node
0.475
disable
0.421052
done
3
4 1000005 -0.31891842402417 788 0
161 1000004 -1.889400921659 789 1
170 1000004 0.38850062562944 790 1
0
0
1
0
170
connections
0.2631575
step
0.095
link
2.10526
enable
0.19
bias
0.421052
node
0.475
disable
0.38
done
3
88 1000005 1.2652363658559 791 1
93 1000003 -0.29999694814905 792 1
170 1000001 -1.521958067568 793 1
0
0
1
0
170
connections
0.2375
step
0.105263
link
2.10526
enable
0.210526
bias
0.421052
node
0.475
disable
0.421052
done
3
58 1000003 1.309549241615 794 1
163 1000001 0.31183812982574 795 1
170 1000006 -1.9272438734092 796 0
0
0
1
0
171
connections
0.2631575
step
0.095
link
2.10526
enable
0.19
bias
0.421052
node
0.475
disable
0.38
done
4
152 1000001 -0.17047639393292 797 0
107 1000005 1.029877620777 798 1
152 171 1 799 1
171 1000001 -0.17047639393292 800 1
0
0
1
0
171
connections
0.2375
step
0.105263
link
1.9
enable
0.19
bias
0.421052
node
0.475
disable
0.38
done
4
60 1000001 -0.43733024079104 801 0
166 1000003 1.5489364299448 802 0
60 171 1 803 1
171 1000001 -0.43733024079104 804 1
0
0
1
0
170
connections
0.2375
step
0.095
link
1.9
enable
0.19
bias
0.38
node
0.526315
disable
0.38
done
2
97 1000005 -1.1593981749931 805 0
77 1000006 -1.3710745567186 806 1
0
0
1
0
171
connections
0.2631575
step
0.105263
link
2.10526
enable
0.19
bias
0.421052
node
0.475
disable
0.421052
done
4
20 1000002 -0.15887936033204 807 0
129 1000002 -0.56367687002167 808 1
20 171 1 809 1
171 1000002 -0.15887936033204 810 0
0
0
1
0
171
connections
0.2631575
step
0.105263
link
1.9
enable
0.19
bias
0.421052
node
0.475
disable
0.38
done
4
64 1000002 -0.50190740684225 811 0
97 1000002 -0.80428479873043 812 0
64 171 1 813 1
171 1000002 -0.50190740684225 814 1
0
0
1
0
171
connections
0.2375
step
0.105263
link
1.9
enable
0.210526
bias
0.38
node
0.526315
disable
0.421052
done
4
78 1000005 -1.0717490157781 815 1
112 1000004 0.87105929746391 816 0
112 171 1 817 1
171 1000004 0.87105929746391 818 1
0
0
1
0
171
connections
0.2631575
step
0.095
link
1.9
enable
0.210526
bias
0.421052
node
0.475
disable
0.38
done
5
119 1000003 -0.86263618884854 819 1
65 1000001 -0.17572557756279 820 1
170 1000003 -1.060396130253 821 1
65 171 1 822 1
171 1000001 -0.17572557756279 823 1
0
0
1
0
171
connections
0.2631575
step
0.095
link
1.9
enable
0.19
bias
0.421052
node
0.475
disable
0.38
done
5
12 1000001 -0.12836085085604 824 1
150 1000001 1.3537400433363 825 1
170 1000002 0.57307657094028 826 1
150 171 1 827 1
171 1000001 1.3537400433363 828 0
0
0
1
0
170
connections
0.2631575
step
0.105263
link
1.9
enable
0.210526
bias
0.38
node
0.475
disable
0.38
done
3
146 1000006 -1.0811487166967 829 1
41 1000002 -1.3227332377087 830 1
170 1000006 0.033509323404645 831 1
0
0
1
0
170
connections
0.2631575
step
0.105263
link
2.10526
enable
0.210526
bias
0.38
node
0.475
disable
0.421052
done
2
130 1000004 1.476180303354 832 1
87 1000006 -1.7714774010437 833 1
0
0
1
0
171
connections
0.2375
step
0.095
link
2.10526
enable
0.210526
bias
0.421052
node
0.526315
disable
0.38
done
6
166 1000003 -1.5433210242012 834 1
9 1000004 -0.043397320474868 835 1
43 1000001 0.30939664906766 836 0
170 1000003 -1.1233863338115 837 1
43 171 1 838 1
171 1000001 0.30939664906766 839 1
0
0
1
0
170
connections
0.2631575
step
0.105263
link
1.9
enable
0.19
bias
0.38
node
0.475
disable
0.421052
done
2
84 1000001 -0.62300485244301 840 0
163 1000003 -0.040589617603076 841 1
0
0
1
0
170
connections
0.2375
step
0.095
link
1.9
enable
0.210526
bias
0.421052
node
0.475
disable
0.421052
done
3
157 1000003 -1.8203070162053 842 1
135 1000002 0.088808862575152 843 1
170 1000003 1.8623004852443 844 1
0
0
1
0
170
connections
0.2375
step
0.105263
link
2.10526
enable
0.19
bias
0.38
node
0.526315
disable
0.421052
done
2
112 1000006 -0.39875484481338 845 0
5 1000005 0.84676656392102 846 1
0
0
1
0
170
connections
0.2631575
step
0.095
link
2.10526
enable
0.210526
bias
0.421052
node
0.526315
disable
0.38
done
3
50 1000004 -0.85677663502915 847 1
111 1000005 -1.2210455641346 848 1
170 1000004 1.7803888058107 849 1
0
0
1
0
170
connections
0.2631575
step
0.095
link
2.10526
enable
0.19
bias
0.421052
node
0.475
disable
0.38
done
4
1000003 1000005 -1.6522110660115 850 1
125 1000006 -1.8137150181585 851 1
132 1000003 1.8924527726066 852 1
170 1000006 -0.87423322244942 853 1
0
0
1
0
171
connections
0.2375
step
0.095
link
2.10526
enable
0.210526
bias
0.421052
node
0.526315
disable
0.421052
done
4
45 1000003 -1.4654377880184 854 1
18 1000005 -1.5899533066805 855 0
18 171 1 856 1
171 1000005 -1.5899533066805 857 1
0
0
1
0
171
connections
0.2375
step
0.105263
link
1.9
enable
0.19
bias
0.38
node
0.526315
disable
0.38
done
5
49 1000004 1.1930906094546 858 1
107 1000006 -1.9749748222297 859 1
170 1000002 -0.88705099642933 860 1
170 171 1 861 1
171 1000002 -0.88705099642933 862 1
0
0
1
0
171
connections
0.2631575
step
0.095
link
1.9
enable
0.210526
bias
0.421052
node
0.475
disable
0.38
done
5
112 1000005 -1.4855800042726 863 0
139 1000003 1.9239478743858 864 1
170 1000006 -0.77010406811731 865 1
112 171 1 866 1
171 1000005 -1.4855800042726 867 1
0
0
1
0
171
connections
0.2375
step
0.105263
link
2.10526
enable
0.19
bias
0.38
node
0.475
disable
0.38
done
5
135 1000006 -1.0657673879208 868 0
13 1000001 0.22882778405103 869 1
170 1000006 -0.41962950529496 870 1
135 171 1 871 1
171 1000006 -1.0657673879208 872 1
0
0
1
0
170
connections
0.2375
step
0.105263
link
1.9
enable
0.19
bias
0.421052
node
0.526315
disable
0.38
done
2
78 1000006 -1.3791314432203 873 1
165 1000004 -0.8401745658742 874 0
0
0
1
0
171
connections
0.2375
step
0.095
link
1.9
enable
0.210526
bias
0.38
node
0.526315
disable
0.421052
done
5
90 1000002 -0.085268715475936 875 1
86 1000004 -0.040589617603076 876 0
170 1000002 -1.9252906888028 877 0
170 171 1 878 1
171 1000002 -1.9252906888028 879 1
0
0
1
0
171
connections
0.2631575
step
0.095
link
1.9
enable
0.19
bias
0.38
node
0.526315
disable
0.38
done
5
36 1000006 -1.740592669454 880 0
53 1000001 1.0229194006165 881 1
170 1000004 1.2645039216285 882 1
36 171 1 883 1
171 1000006 -1.740592669454 884 1
0
0
1
0
170
connections
0.2375
step
0.095
link
2.10526
enable
0.19
bias
0.38
node
0.526315
disable
0.38
done
2
69 1000006 1.7758720664083 885 1
7 1000005 0.17157506027406 886 1
0
0
1
0
171
connections
0.2631575
step
0.095
link
1.9
enable
0.19
bias
0.421052
node
0.526315
disable
0.38
done
5
33 1000004 -1.5268410290841 887 1
124 1000003 1.7894222846156 888 1
170 1000004 0.9992370372631 889 0
170 171 1 890 1
171 1000004 0.9992370372631 891 1
0
0
1
0
170
connections
0.2375
step
0.095
link
1.9
enable
0.210526
bias
0.38
node
0.526315
disable
0.38
done
3
134 1000005 -0.86202581865902 892 0
111 1000001 -0.54499954222236 893 1
170 1000003 0.3441877498703 894 1
0
0
1
0
171
connections
0.2631575
step
0.095
link
1.9
enable
0.210526
bias
0.38
node
0.475
disable
0.421052
done
4
116 1000004 -0.97494430372021 895 0
170 1000004 1.3928037354656 896 1
116 171 1 897 0
171 1000004 -0.97494430372021 898 1
0
0
1
0
171
connections
0.2631575
step
0.095
link
2.10526
enable
0.19
bias
0.421052
node
0.475
disable
0.38
done
4
155 1000004 -1.1929685354167 899 1
164 1000002 -0.22443311868648 900 0
164 171 1 901 1
171 1000002 -0.22443311868648 902 0
0
0
1
0
171
connections
0.2631575
step
0.095
link
1.9
enable
0.210526
bias
0.421052
node
0.526315
disable
0.421052
done
5
149 1000004 -0.43440046388134 903 1
153 1000006 -0.70467238380078 904 1
170 1000004 0.73250526444288 905 0
170 171 1 906 1
171 1000004 0.73250526444288 907 1
0
0
1
0
170
connections
0.2375
step
0.105263
link
1.9
enable
0.210526
bias
0.38
node
0.475
disable
0.38
done
2
28 1000004 -1.2122562334056 908 1
87 1000005 1.3626514481033 909 1
0
0
1
0
171
connections
0.2631575
step
0.095
link
2.10526
enable
0.210526
bias
0.38
node
0.526315
disable
0.421052
done
4
102 1000006 -0.5431684316538 910 1
151 1000001 1.561387981811 911 0
151 171 1 912 1
171 1000001 1.561387981811 913 0
0
0
1
0
170
connections
0.2375
step
0.095
link
1.9
enable
0.19
bias
0.421052
node
0.475
disable
0.421052
done
3
94 1000003 1.8332468642232 914 1
123 1000004 -0.41242713705863 915 0
170 1000002 0.33491012298959 916 1
0
0
1
0
171
connections
0.2631575
step
0.105263
link
2.10526
enable
0.19
bias
0.38
node
0.526315
disable
0.38
done
5
8 1000005 -1.4680013428144 917 1
139 1000005 -1.5983764152959 918 1
170 1000004 -0.73201696829127 919 0
170 171 1 920 1
171 1000004 -0.73201696829127 921 0
0
0
1
0
171
connections
0.2631575
step
0.105263
link
2.10526
enable
0.210526
bias
0.421052
node
0.526315
disable
0.421052
done
6
103 1000001 0.25910214545122 922 1
88 1000002 1.4644611957152 923 1
11 1000005 0.38581499679556 924 1
170 1000005 -0.49348429822687 925 1
103 171 1 926 1
171 1000001 0.25910214545122 927 1
0
0
1
0
171
connections
0.2631575
step
0.105263
link
2.10526
enable
0.19
bias
0.38
node
0.475
disable
0.421052
done
4
4 1000003 -0.7453230384228 928 0
16 1000001 0.62862025818659 929 1
4 171 1 930 1
171 1000003 -0.7453230384228 931 1
0
0
1
0
171
connections
0.2631575
step
0.095
link
2.10526
enable
0.19
bias
0.38
node
0.475
disable
0.38
done
4
126 1000006 1.0237739188818 932 0
133 1000003 -1.7042146061586 933 0
133 171 1 934 1
171 1000003 -1.7042146061586 935 1
0
0
1
0
171
connections
0.2631575
step
0.105263
link
2.10526
enable
0.19
bias
0.421052
node
0.475
disable
0.421052
done
5
97 1000005 1.0549027985473 936 0
108 1000005 -0.88570818201239 937 1
170 1000004 1.7165440839869 938 1
97 171 1 939 1
171 1000005 1.0549027985473 940 1
0
0
1
0
171
connections
0.2631575
step
0.095
link
2.10526
enable
0.210526
bias
0.38
node
0.526315
disable
0.421052
done
5
120 1000004 0.36835840937529 941 1
59 1000004 -0.58467360454115 942 1
170 1000005 0.73580126346629 943 0
170 171 1 944 1
171 1000005 0.73580126346629 945 1
0
0
1
0
171
connections
0.2631575
step
0.095
link
1.9
enable
0.210526
bias
0.38
node
0.475
disable
0.421052
done
4
42 1000003 0.15680410168767 946 0
41 1000004 -0.17548142948698 947 1
42 171 1 948 1
171 1000003 0.15680410168767 949 0
0
0
1
0
171
connections
0.2631575
step
0.105263
link
2.10526
enable
0.210526
bias
0.421052
node
0.475
disable
0.421052
done
4
72 1000005 0.59443952757347 950 1
140 1000001 1.1966307565539 951 0
140 171 1 952 1
171 1000001 1.1966307565539 953 0
0
0
1
0
171
connections
0.2631575
step
0.105263
link
1.9
enable
0.19
bias
0.421052
node
0.526315
disable
0.421052
done
4
76 1000001 -0.25299844355602 954 0
82 1000004 -0.49336222418897 955 1
76 171 1 956 1
171 1000001 -0.25299844355602 957 1
0
0
1
0
170
connections
0.2375
step
0.095
link
2.10526
enable
0.210526
bias
0.421052
node
0.475
disable
0.38
done
2
71 1000005 -0.27362895596179 958 1
164 1000001 -1.4395580919828 959 0
0
0
1
0
171
connections
0.2375
step
0.095
link
2.10526
enable
0.19
bias
0.38
node
0.475
disable
0.38
done
4
86 1000003 -0.96420178838466 960 1
5 1000006 0.12836085085604 961 0
5 171 1 962 1
171 1000006 0.12836085085604 963 1
0
0
1
0
170
connections
0.2375
step
0.105263
link
2.10526
enable
0.210526
bias
0.421052
node
0.475
disable
0.38
done
2
23 1000006 -0.99972533341472 964 1
160 1000003 0.89156773583178 965 1
0
0
1
0
170
connections
0.2631575
step
0.095
link
1.9
enable
0.19
bias
0.421052
node
0.475
disable
0.38
done
3
67 1000003 1.9742423780023 966 1
136 1000006 0.91915646839808 967 1
170 1000003 -1.8887905514695 968 0
0
0
1
0
171
connections
0.2631575
step
0.095
link
2.10526
enable
0.210526
bias
0.421052
node
0.526315
disable
0.38
done
4
137 1000005 -1.9641102328562 969 0
111 1000004 -1.2662129581591 970 1
137 171 1 971 0
171 1000005 -1.9641102328562 972 1
0
0
1
0
171
connections
0.2631575
step
0.095
link
1.9
enable
0.210526
bias
0.421052
node
0.526315
disable
0.421052
done
3
39 1000001 0.74117252113407 973 0
39 171 1 974 0
171 1000001 0.74117252113407 975 1
0
0
1
0
171
connections
0.2631575
step
0.105263
link
2.10526
enable
0.19
bias
0.38
node
0.526315
disable
0.38
done
4
22 1000004 -1.7525559251686 976 0
132 1000003 -1.0483108005005 977 1
22 171 1 978 1
171 1000004 -1.7525559251686 979 0
0
0
1
0
170
connections
0.2375
step
0.095
link
2.10526
enable
0.210526
bias
0.421052
node
0.475
disable
0.38
done
2
83 1000006 1.6255989257485 980 1
22 1000001 0.92428357799005 981 1
0
0
1
0
171
connections
0.2375
step
0.095
link
1.9
enable
0.19
bias
0.421052
node
0.526315
disable
0.38
done
5
39 1000003 -0.6045716727195 982 1
1000004 1000004 -1.1369365520188 983 0
170 1000004 -0.23273415326395 984 1
1000004 171 1 985 1
171 1000004 -1.1369365520188 986 1
0
0
1
0
170
connections
0.2375
step
0.105263
link
2.10526
enable
0.210526
bias
0.421052
node
0.475
disable
0.421052
done
3
82 1000001 -0.50483718375195 987 1
4 1000002 1.5692007202368 988 1
170 1000004 -0.60420545060579 989 1
0
0
1
0
170
connections
0.2375
step
0.095
link
2.10526
enable
0.19
bias
0.38
node
0.475
disable
0.38
done
4
88 1000005 -0.4330576494644 990 1
169 1000005 0.94308297982727 991 1
57 1000001 0.766685995056 992 1
170 1000001 1.741935483871 993 1
0
0
1
0
171
connections
0.2631575
step
0.095
link
2.10526
enable
0.19
bias
0.421052
node
0.526315
disable
0.38
done
4
77 1000002 -0.34797204504532 994 1
6 1000001 -0.31476790673543 995 0
6 171 1 996 1
171 1000001 -0.31476790673543 997 1
0
0
1
0
171
connections
0.2631575
step
0.095
link
2.10526
enable
0.19
bias
0.38
node
0.526315
disable
0.38
done
4
113 1000003 -1.1647694326609 998 0
111 1000002 1.4432203131199 999 1
113 171 1 1000 1
171 1000003 -1.1647694326609 1001 1
0
0
1
0
170
connections
0.2631575
step
0.095
link
2.10526
enable
0.210526
bias
0.38
node
0.475
disable
0.421052
done
2
155 1000005 1.2356944486831 1002 0
164 1000002 -1.5163426618244 1003 1
0
0
1
0
170
connections
0.2375
step
0.095
link
1.9
enable
0.210526
bias
0.421052
node
0.475
disable
0.421052
done
2
25 1000004 0.4699240089114 1004 1
167 1000002 -0.48860133671072 1005 1
0
0
1
0
170
connections
0.2375
step
0.095
link
1.9
enable
0.19
bias
0.421052
node
0.526315
disable
0.38
done
2
144 1000001 -1.9648426770837 1006 1
47 1000006 -1.4599444563128 1007 0
0
0
1
0
170
connections
0.2375
step
0.105263
link
1.9
enable
0.210526
bias
0.421052
node
0.475
disable
0.421052
done
2
75 1000004 0.49079866939299 1008 1
145 1000005 0.097720267342143 1009 1
0
0
1
0
171
connections
0.2375
step
0.095
link
1.9
enable
0.210526
bias
0.38
node
0.526315
disable
0.38
done
4
60 1000002 0.14630573442793 1010 1
105 1000002 -0.15887936033204 1011 1
105 171 1 1012 1
171 1000002 -0.15887936033204 1013 1
0
0
1
0
171
connections
0.2631575
step
0.095
link
2.10526
enable
0.210526
bias
0.421052
node
0.526315
disable
0.421052
done
5
67 1000005 -1.4826502273629 1014 0
97 1000003 -1.2497329630421 1015 1
15 1000004 1.3255409405805 1016 1
67 171 1 1017 1
171 1000005 -1.4826502273629 1018 1
0
0
1
0
170
connections
0.2631575
step
0.095
link
1.9
enable
0.19
bias
0.421052
node
0.526315
disable
0.421052
done
2
126 1000006 -0.69954527420881 1019 1
44 1000001 -1.6404919583728 1020 1
0
0
1
0
171
connections
0.2631575
step
0.095
link
1.9
enable
0.19
bias
0.38
node
0.526315
disable
0.421052
done
5
92 1000003 1.205298013245 1021 1
97 1000004 0.36201055940428 1022 0
170 1000006 1.1166722617267 1023 1
97 171 1 1024 1
171 1000004 0.36201055940428 1025 1
0
0
1
0
170
connections
0.2631575
step
0.105263
link
1.9
enable
0.210526
bias
0.421052
node
0.475
disable
0.421052
done
3
67 1000004 -0.42634357737968 1026 1
27 1000002 1.5268410290841 1027 1
170 1000005 -1.5865352336192 1028 1
0
0
1
0
170
connections
0.2375
step
0.095
link
2.10526
enable
0.19
bias
0.38
node
0.526315
disable
0.38
done
2
108 1000006 -0.2648396252327 1029 1
1000004 1000004 1.2597430341502 1030 1
0
0
1
0
171
connections
0.2375
step
0.105263
link
1.9
enable
0.210526
bias
0.38
node
0.526315
disable
0.421052
done
5
32 1000002 -0.72725608081301 1031 0
164 1000002 -0.73970763267922 1032 1
170 1000003 -0.31110568559832 1033 1
164 171 1 1034 1
171 1000002 -0.73970763267922 1035 1
0
0
1
0
170
connections
0.2631575
step
0.095
link
2.10526
enable
0.210526
bias
0.421052
node
0.475
disable
0.38
done
2
107 1000002 -1.1791741691336 1036 1
77 1000002 1.637684255501 1037 0
0
0
1
0
170
connections
0.2375
step
0.105263
link
1.9
enable
0.19
bias
0.38
node
0.475
disable
0.421052
done
2
1000005 1000005 -1.8133487960448 1038 1
1000006 1000006 -0.24689474166082 1039 1
